0	0.5676733255386353	0.7348940372467041
100	0.17466247081756592	0.7901210784912109
200	0.013258814811706543	0.9747258424758911
0	0.41080242395401	0.8697801828384399
100	0.09494549036026001	0.9234971404075623
200	0.012012243270874023	0.976592481136322
300	0.010082066059112549	0.9800413846969604
0	0.40049922466278076	0.5299572944641113
100	0.08131027221679688	0.860710620880127
200	0.010238111019134521	0.97981858253479
0	0.6266655921936035	0.609001636505127
100	0.17881661653518677	0.8335363864898682
200	0.015669941902160645	0.9769825339317322
300	0.010195612907409668	0.9798966646194458
400	0.010128676891326904	0.9799486398696899
500	0.010116636753082275	0.9799710512161255
600	0.010103881359100342	0.9799961447715759
700	0.010089576244354248	0.9800239205360413
800	0.010071516036987305	0.9800616502761841
900	0.01005333662033081	0.9800959229469299
1000	0.010032951831817627	0.9801359176635742
1100	0.01001131534576416	0.9801782965660095
0	0.7989832758903503	0.7023231387138367
100	0.24428969621658325	0.7056818008422852
200	0.01736372709274292	0.9701158404350281
0	0.6496660709381104	0.5643598437309265
100	0.19962847232818604	0.704492449760437
200	0.02516651153564453	0.9522520899772644
0	0.4883618950843811	0.5325154066085815
100	0.13002794981002808	0.7978030443191528
200	0.024688899517059326	0.9523444771766663
300	0.02102130651473999	0.9588482975959778
400	0.02087622880935669	0.9591194987297058
500	0.02078258991241455	0.9592999219894409
600	0.020701587200164795	0.9594548344612122
700	0.020623087882995605	0.9596039652824402
800	0.02054595947265625	0.9597527980804443
900	0.020469725131988525	0.9598991274833679
1000	0.020388782024383545	0.9600557684898376
1100	0.020302951335906982	0.9602193236351013
1200	0.02021080255508423	0.9603952765464783
1300	0.02011120319366455	0.9605875611305237
1400	0.02000272274017334	0.9607959389686584
0	0.37507444620132446	0.5828701257705688
100	0.0769011378288269	0.8658944964408875
0	0.5307453870773315	0.5119611024856567
100	0.1893826127052307	0.7047527432441711
200	0.02642899751663208	0.9490899443626404
0	0.42362552881240845	0.5798262357711792
100	0.09892928600311279	0.8244476318359375
200	0.021447360515594482	0.958221971988678
300	0.02066415548324585	0.9595256447792053
400	0.020573437213897705	0.9597010016441345
500	0.020474672317504883	0.9598900675773621
600	0.02037632465362549	0.960077702999115
700	0.020284175872802734	0.9602543115615845
800	0.020199120044708252	0.9604185223579407
900	0.020120680332183838	0.9605680704116821
1000	0.02004837989807129	0.9607079029083252
0	0.14201176166534424	0.7782067656517029
100	0.030731379985809326	0.9409031271934509
0	0.43919622898101807	0.5494812726974487
100	0.10475420951843262	0.8132737278938293
0	0.3525660037994385	0.5659229159355164
100	0.12370657920837402	0.8032496571540833
200	0.030932247638702393	0.9404184222221375
300	0.03008037805557251	0.9416494369506836
400	0.030044972896575928	0.9417151808738708
500	0.03000354766845703	0.9417935609817505
0	0.31173020601272583	0.7227925062179565
100	0.08450347185134888	0.8559529185295105
200	0.032392263412475586	0.9380748271942139
300	0.030849874019622803	0.9402111172676086
400	0.03080993890762329	0.9402793645858765
500	0.030771315097808838	0.9403519034385681
600	0.030727684497833252	0.9404329061508179
700	0.03067481517791748	0.9405323266983032
800	0.030613601207733154	0.9406487345695496
900	0.030543625354766846	0.940779983997345
1000	0.030460596084594727	0.9409359097480774
1100	0.03036397695541382	0.9411166906356812
1200	0.030248939990997314	0.9413329362869263
1300	0.030110597610473633	0.9415934085845947
0	0.3553653955459595	0.7672412991523743
100	0.08867913484573364	0.8383715748786926
200	0.030766963958740234	0.9406212568283081
300	0.03034442663192749	0.941154420375824
400	0.03025442361831665	0.9413242936134338
500	0.030146658420562744	0.9415265917778015
600	0.030021250247955322	0.9417627453804016
0	0.36020004749298096	0.707998514175415
100	0.07651489973068237	0.8808982372283936
200	0.04047518968582153	0.9223715662956238
300	0.04036146402359009	0.922540545463562
400	0.0402449369430542	0.922756552696228
500	0.04010772705078125	0.9230093359947205
0	0.445396363735199	0.5482035279273987
100	0.13421648740768433	0.7984670400619507
200	0.04601550102233887	0.9128768444061279
300	0.04187041521072388	0.9197681546211243
400	0.04177826642990112	0.9199381470680237
500	0.04165917634963989	0.9201568365097046
600	0.04150301218032837	0.920442521572113
700	0.041293978691101074	0.9208255410194397
800	0.04102510213851929	0.9213199019432068
900	0.04069781303405762	0.9219189286231995
1000	0.0403401255607605	0.9225770831108093
0	0.7036350965499878	0.6417175531387329
100	0.2877413034439087	0.6204710602760315
200	0.054048776626586914	0.899656355381012
0	0.5157686471939087	0.5933018326759338
100	0.17153137922286987	0.7390944361686707
200	0.04134094715118408	0.9208985567092896
300	0.04062342643737793	0.92205411195755
400	0.040530622005462646	0.9222248792648315
500	0.04042249917984009	0.9224231243133545
600	0.040299296379089355	0.9226507544517517
700	0.040161073207855225	0.9229043126106262
800	0.04000896215438843	0.9231847524642944
0	0.5888426303863525	0.5768334865570068
100	0.18517613410949707	0.7265117764472961
200	0.04608726501464844	0.9132372736930847
300	0.04271066188812256	0.9182406067848206
400	0.04260307550430298	0.9184303283691406
500	0.04246586561203003	0.9186834096908569
600	0.04227805137634277	0.919028639793396
700	0.04202228784561157	0.9194989800453186
800	0.04168576002120972	0.9201172590255737
900	0.041266441345214844	0.9208876490592957
1000	0.040780067443847656	0.9217793345451355
1100	0.040262460708618164	0.9227298498153687
0	0.6317570209503174	0.5701302886009216
100	0.25000566244125366	0.7107117772102356
200	0.06408828496932983	0.8948261141777039
0	0.458105206489563	0.5094830989837646
100	0.15846019983291626	0.7580648064613342
200	0.05255836248397827	0.9016343355178833
0	0.47084593772888184	0.5996600985527039
100	0.19025570154190063	0.7039656043052673
200	0.058439791202545166	0.8903340101242065
300	0.05220389366149902	0.9010561108589172
400	0.05197405815124512	0.9014596939086914
500	0.051764726638793945	0.9018364548683167
600	0.05154639482498169	0.9022281169891357
700	0.051313042640686035	0.9026461243629456
800	0.05105721950531006	0.9031041264533997
900	0.05077242851257324	0.9036138653755188
1000	0.05044835805892944	0.9041978716850281
1100	0.050081729888916016	0.9048567414283752
0	0.2087574601173401	0.8169844746589661
100	0.058497071266174316	0.8909893035888672
200	0.052386343479156494	0.9007165431976318
300	0.052232563495635986	0.9010024070739746
400	0.05209934711456299	0.9012423753738403
500	0.0519368052482605	0.9015327095985413
600	0.05173605680465698	0.9018940329551697
700	0.05148303508758545	0.9023471474647522
800	0.051163554191589355	0.9029192924499512
900	0.050773561000823975	0.9036190509796143
1000	0.05033230781555176	0.9044090509414673
0	0.47980809211730957	0.6326159238815308
100	0.19589656591415405	0.7035958766937256
200	0.05439460277557373	0.8979222178459167
300	0.05049264430999756	0.9041673541069031
400	0.050131022930145264	0.904819130897522
